DTUS[3]:=[[1, 2, 11, 3], [2, 4, 101, 3], [4, 8, 73, 3], [0, 8, 137, 134]]:


DTUS[9]:=[[1, 3, 37, 25], [2, 6, 13, 12], [5, 6, 7, 1], [6, 9, 333667, 324667], [3, 18, 19, 4], [12, 18, 52579, 43588], [9, 27, 757, 514], [18, 27, 440334654777631, 440325654777631], [0, 54, 70541929, 70541920], [27, 54, 14175966169, 9]]:


Sier:=[[0, 0, 2, 1], [0, 2, 3, 2], [3, 4, 5, 3], [5, 8, 17, 9], [9, 16, 257, 129], [17, 32, 65537, 32769], [1, 64, 641, 320], [33, 64, 6700417, 3350209]]:


Ries:=[[0, 0, 2, 1], [1, 2, 3, 2], [0, 3, 7, 1], [0, 5, 31, 1], [2, 10, 11, 3], [1, 15, 151, 76], [11, 45, 631, 57], [26, 45, 23311, 11446], [86, 90, 18837001, 16], [8, 20, 41, 37], [18, 40, 61681, 61677], [38, 80, 4278255361, 4278255357], [78, 160, 414721, 414717], [158, 160, 44479210368001, 4], [4, 30, 331, 269], [14, 60, 61, 39], [44, 60, 1321, 807]]:


DTUScomplete:=[[0, 0, 2, 1], [0, 0, 5, 3], [0, 1, 3, 2], op(DTUS[3]), op(DTUS[9])]:


DTUSBriercomplete:=[op(DTUS[3]), op(DTUS[9]), op(Sier), Ries[4], op(Ries[6..nops(Ries)])]:


Brier:=[op(Sier), op(Ries[3..nops(Ries)])]:


